164.39
157.18
85.591
71.25
66.544
60.018
130.57
81.451
159.9
74.784
94.113
54.705
183.47
142.22
94.319
89.128
166.52
63.797
85.929
85.256
69.91
151.72
143.32
80.799
87.221
55.627
126.57
173.49
67.794
76.433
-8.8636
81.262
65.995
168.81
69.834
-6.9654
177.93
168.34
53.34
63.754
92.94
173.15
51.927
89.539
91.415
170.38
41.253
182.79
88.651
90.475
77.101
52.108
68.396
82.243
94.041
49.404
70.013
174.67
72.709
91.327
33.415
165.91
36.58
149.29
79.414
80.278
63.068
81.419
44.262
88.398
172.97
53.627
76.857
81.532
76.18
77.598
18.765
53.966
74.862
81.433
57.084
86.046
168.69
57.636
92.027
112.35
94.155
74.984
93.24
68.447
120.03
-10.51
61.151
82.483
51.843
61.551
52.736
60.531
177.93
172.75
168.34
95.304
100.25
81.815
77.367
80.825
164.8
140.28
81.995
57.122
175.73
92.135
174.59
125.78
47.153
81.744
176.9
127.54
78.718
53.67
53.672
73.359
63.62
88.636
166.46
48.55
43.243
52.476
83.492
72.188
51.317
89.278
127.51
78.849
91.228
127.61
64.485
171.57
86.603
73.383
81.654
65.859
85.397
86.941
94.638
116.98
60.105
60.908
184.33
104.48
149.41
67.156
179.41
54.255
74.341
96.003
82.615
39.25
152.69
166.43
42.019
27.149
84.047
77.204
66.438
170.15
78.724
103.58
54.616
46.279
47.833
90.681
32.781
31.806
67.254
40.093
169.02
14.305
89.46
89.462
84.357
179.35
77.22
44.915
79.664
178.05
130.37
85.535
82.44
77.358
45.971
93.257
78.826
90.552
13.374
169.55
71.863
173.32
173.08
169.92
90.225
35.821
34.699
142.03
106.11
60.783
170.25
175.56
156.43
96.416
173.25
89.817
82.231
178.03
170.63
89.839
166.99
167.71
178.31
28.241
48.166
68.499
152.55
57.428
54.514
94
58.816
178.46
163.83
88.937
79.752
80.957
138.41
73.439
26.041
97.283
179
85.976
69.731
85.834
98.765
81.284
77.284
94.721
86.117
39.846
180.92
37.7
84.992
62.624
79.067
88.11
61.978
86.685
40.403
150.19
170.37
115.63
102.62
134.04
53.03
74.123
90.793
77.153
118.22
94.988
89.484
51.877
71.387
84.59
153.9
74.366
171.16
63.659
76.135
81.469
82.875
70.812
53.835
38.465
112.04
130.34
86.846
128.71
45.142
84.479
-0.50733
45.156
171.07
67.312
93.17
83.726
49.373
73.087
81.47
94.741
173.25
173.93
92.473
65.492
52.103
73.438
30.513
150.24
32.886
84.032
176.15
66.396
141.77
62.602
66.054
78.614
23.785
167.93
180.68
182.79
168.24
55.86
64.569
135.39
2.0255
73.79
82.002
72.557
124.5
-3.2361
78.615
171.33
170.57
62.487
1.7607
166.23
90.303
122.28
54.318
70.465
69.91
93.466
71.382
89.635
172.13
23.615
46.035
166.62
77.206
175.88
16.849
57.892
150.62
169.4
131.12
164.02
93.643
98.921
145.51
179.53
69.993
102.21
31.522
174.82
174.73
68.618
175.59
180.18
172.83
69.127
140.39
76.62
87.024
77.84
56.447
133.81
87.64
114.67
84.264
159.92
75.56
158.51
77.666
156.69
96.289
176.97
179.97
35.971
64.903
61.537
74.699
69.007
135.22
72.887
42.788
176.51
175.41
179.65
128.79
60.028
113.56
147.2
92.698
56.507
41.64
168.93
104.24
-4.0126
83.207
149.86
82.928
85.678
176.91
48.654
43.331
89.881
53
62.724
85.112
171.68
73.221
67.389
70.511
83.35
172.64
21.642
65.723
153.57
63.949
87.188
177.76
75.61
144.12
179.12
131.95
177.53
80.81
46.169
150.71
87.757
87.209
74.491
86.863
172.62
92.199
75.371
173.41
148.27
55.688
67.084
41.408
60.322
179.69
96.629
74.171
78.639
44.585
84.402
82.696
37.147
176.17
76.8
30.541
121.19
168.77
85.202
177.91
89.408
148.8
80.112
77.13
168.11
51.7
75.834
102.98
57.636
71.196
73.64
80.628
89.595
86.96
70.102
159.06
77.703
83.621
48.684
82.11
172.85
66.095
144.29
88.07
151.5
96.435
106.82
161.87
116.02
91.929
175.67
65.011
86.252
79.391
45.232
88.272
65.271
49.913
167.49
78.255
50.843
60.962
87.512
74.167
162.12
67.08
55.405
82.127
179.1
54.57
85.231
83.701
61.244
165.72
176.6
75.04
91.565
58.284
172.38
46.98
64.952
73.053
81.886
170.48
176.67
179.5
84.801
67.416
80.599
88.999
73.996
175.1
81.55
169.75
81.282
32.069
89.713
62.906
69.248
62.225
53.763
59.339
172.43
72.147
138.23
78.984
168.05
80.68
80.634
162.28
159.41
76.961
145.85
113.89
28.426
103.04
42.676
33.898
50.638
64.32
64.902
111.45
71.238
37.327
60.19
170.47
-1.4997
73.992
75.194
69.016
96.709
177.31
173.36
153.74
72.904
68.485
174.63
74.989
52.45
64.299
159.97
83.538
70.275
81.073
73.562
77.74
37.471
50.436
92.335
61.896
134.87
75.045
173.88
174.82
60.772
41.478
83.625
86.779
67.207
63.091
48.834
162.07
180.8
62.507
182.57
164.52
183.27
70.067
112.96
133.12
71.883
140.24
78.533
178.9
150.38
84.191
29.72
49.387
84.546
78.204
90.626
60.42
132.6
170.92
165.91
92.534
81.552
91.213
178.18
171.79
153.43
25.462
32.786
111.39
76.928
170.5
84.201
82.186
64.475
168.49
17.478
44.907
87.377
122.12
44.745
85.298
60.492
71.98
180.34
84.084
49.284
63.212
77.458
69.957
117.29
41.531
171.81
174.62
69.736
89.111
109.87
74.77
56.238
79.406
62.171
88.318
154.12
93.74
73.176
85.739
177.52
85.194
76.797
76.494
166.04
165.81
75.656
170.62
56.446
60.47
64.639
170.27
134.19
118.66
63.164
89.972
84.954
136.22
161.2
66.696
107.32
96.761
83.69
-2.8724
173.52
60.802
170.15
165.69
89.372
78.442
172.14
155.27
86.961
154.17
50.204
69.402
169.7
68.494
48.239
38.664
94.675
92.596
31.159
94.817
166.27
67.807
158.48
46.096
88.503
87.816
53.682
81.545
76.321
64.693
29.227
173.62
131.5
86.6
66.344
77.518
55.127
167.92
91.706
75.139
64.866
14.848
38.261
172.59
79.448
3.1804
80.249
34.045
143.1
31.287
72.774
64.056
54.687
73.534
94.172
77.409
59.103
46.858
116.41
58.341
169.16
25.031
78.004
151.11
74.25
40.068
85.101
75.956
133.67
178.07
65.771
159.77
76.192
182
83.451
134.81
54.772
162.41
87.332
43.29
43.95
60.352
85.58
176.08
78.477
69.88
92.439
174.96
106.65
89.853
88.071
79.414
7.6732
78.067
174.88
163.84
75.488
81.001
21.001
86.905
27.23
78.18
81.935
106.24
74.684
75.889
65.29
98.214
83.446
75.784
72.283
55.809
152.64
85.683
90.481
83.237
44.814
155.34
35.733
147.83
76.229
52.327
116.19
73.094
169.91
67.739
47.183
83.205
154.81
75.599
173.14
168.49
47.112
173.96
87.896
166.94
167.49
82.415
175.78
183.16
64.256
175.72
177.19
170.23
72.018
111.57
98.614
72.553
58.688
75.425
87.011
78.947
55.374
81.623
64.707
0.075389
57.09
43.728
165.56
69.302
157.29
53.308
38.103
52.772
162.69
87.102
174.33
181.89
75.155
58.059
33.126
77.536
60.724
166.33
167.64
29.37
54.092
87.369
85.926
116
175.23
50.359
73.07
127.06
-2.7386
177.01
170.12
71.771
171.26
149.29
171.15
82.017
47.117
71.115
90.569
180.09
154.34
88.744
70.626
32.566
157.33
0.34955
168.08
-1.2383
124.79
143.85
77.607
167.64
172.21
35.239
136.3
83.187
165.28
64.031
87.88
84.115
90.076
170.62
115.16
139.66
96.446
18.114
179.06
74.542
78.472
58.848
72.495
62.144
172.68
41.752
169.24
79.885
172.25
78.158
85.664
92.069
176.61
70.961
78.992
86.311
174.02
62.611
85.923
55.15
76.859
34.569
73.22
98.602
110.72
85.156
77.575
-0.58887
70.456
99.869
88.755
143.76
64.408
150.21
73.914
65.246
33.685
47.237
70.194
87.528
172.83
44.999
79.917
95.658
-6.8042
75.96
54.927
42.055
90.478
87.77
108.42
152.43
80.664
13.454
151.32
52.902
155.2
47.185
46.794
38.378
114.55
75.37
106.45
54.972
94.23
49.932
99.08
85.277
172.8
153.37
91.721
30.503
74.059
75.859
178.49
86.954
80.658
59.088
78.738
172.3
82.217
158.75
178.55
66.552
49.442
75.464
180.54
163.2
181.43
71.254
79.06
82.833
154.38
61.121
172.77
154.16
176.71
168.29
77.472
86.195
177.31
122.59
79.6
119.5
64.174
178.1
102.03
83.408
49.126
77.324
97.066
82.079
168.89
77.711
176.23
68.958
174.16
92.065
75.611
180.16
157.54
69.108
175.28
173.54
85.881
28.999
171.53
150.41
71.702
51.417
78.631
76.638
78.409
79.664
74.84
24.369
175.3
164.37
37.496
75.44
36.76
63.435
62.896
114.03
173.13
78.884
68.203
148.18
163.8
73.453
64.495
155.53
73.014
148.15
64.435
92.814
166.23
56.445
82.957
176.68
171.89
49.311
65.431
74.67
84.395
172.76
171.04
67.151
168.09
39.463
111.91
150.62
61.141
50.395
170.67
78.959
35.251
60.595
155.18
69.115
34.076
94.973
103.78
75.129
125.29
174.37
154.28
90.981
-2.9131
82.931
73.999
134.88
86.532
63.905
77.766
76.147
94.45
81.09
60.247
160.08
178.02
77.901
84.993
53.624
58.094
112.21
69.483
77.847
180.48
89.543
83.83
48.252
61.756
82.972
90.326
109.54
87.922
89.498
43.681
73.621
72.388
81.369
76.511
60.235
162.06
55.413
81.683
89.746
88.227
168.5
45.937
84.161
68.271
61.657
57.48
175.72
50.299
54.885
140.29
87.951
171.96
165.46
166.47
57.052
48.498
46.883
133.25
40.833
86.191
59.727
141.66
65.051
49.124
76.603
157.42
92.607
45.198
83.269
89.567
52.056
79.582
92.958
170.37
98.021
68.629
52.083
32.53
7.4825
48.229
162.52
53.223
178.66
87.762
115.76
80.226
95.853
34.295
16.858
33.934
82.001
90.884
24.6
75.692
63.503
179.33
162.3
60.6
47.528
157.19
134.53
112.05
178.03
68.229
151.51
184.16
43.295
158.15
164.78
65.575
160
40.342
101.34
166.95
154.03
139.6
143.96
71.9
107.95
167.01
162.37
161.84
86.867
168.73
-6.0335
147.86
75.987
60.419
70.683
95.214
62.086
73.394
75.014
84.03
89.506
102.59
72.107
61.98
90.923
172.63
66.733
157.03
64.107
15.176
99.542
104.36
32.955
59.095
57.273
64.508
78.572
41.844
38.548
157.95
62.076
89.034
65.562
82.883
69.521
67.945
163.59
44.858
108.59
88.479
174.83
175.1
155.1
95.027
70.642
155.32
141.75
-4.6735
181.51
176.24
161.01
179.42
53.158
123.25
172.65
90.902
82.574
71.182
91.633
71.268
70.081
178.63
177.23
111.58
72.066
149.71
168.12
126.81
38.405
78.651
82.143
-1.5265
91.083
85.278
68.644
102.02
73.266
78.545
106.55
77.909
141.93
28.419
92.744
127.34
174.56
79.083
146.96
88.969
76.509
84.247
125.5
123.5
35.89
61.341
74.879
-0.068897
74.807
167.22
87.079
69.989
129.9
163.34
181.45
92.883
54.031
0.86964
83.067
173.18
74.456
68.05
176.74
78.961
91.837
77.291
117.39
91.638
84.021
-6.195
181.08
72.23
38.036
85.518
75.031
77.355
85.34
83.669
72.696
161.25
73.204
182.01
87.801
55.052
74.681
73.513
80.146
61.527
64.732
163.12
97.761
66.657
50.627
57.204
154.6
59.122
86.068
51.481
94.612
74.055
170.95
175.6
62.974
68.685
174.81
160.74
138.7
32.313
127.64
89.018
150.08
31.783
64.352
171.63
71.7
86.771
180.74
90.642
76.33
163.87
87.863
63.774
88.416
82.975
80.743
159.6
54.685
78.44
87.779
72.683
52.848
176.91
155.28
174.84
66.836
-8.3837
81.902
40.193
86.63
164.91
65.346
171.82
161.76
167.16
159.12
81.473
41.308
176.38
51.285
36.249
69.987
76.168
162.49
136.91
58.469
78.83
69.76
69.159
54.153
85.906
67.56
74.469
174.62
152.55
83.578
0.030133
96.43
80.328
79.324
87.683
74.128
36.376
176.86
49.425
138.43
93.082
82.976
71.648
35.03
131.81
86.108
53.667
75.939
124.74
178.44
155.38
170.62
78.994
173.41
86.126
80.111
93.063
92.366
82.658
89.629
121.06
179.47
79.34
53.484
78.255
60.353
81.554
46.47
86.439
140.94
81.286
98.083
90.759
92.635
166.63
114.6
47.028
177.28
71.248
158.23
80.451
55.303
110.87
48.78
97.361
75.055
65.1
177.21
26.092
35.335
84.788
178.85
66.295
71.447
74.514
155.51
75.247
141.44
156.95
105.56
84.247
29.787
165.49
170.2
41.643
76.001
169.27
163.9
84.787
59.778
40.044
147.56
84.201
147.58
148.63
79.986
81.643
170.65
56.306
67.901
50.117
165.6
172.44
25.683
70.908
53.358
42.363
52.969
60.627
165.75
104.82
94.482
98.205
123.6
5.0907
64.402
90.3
175.35
174.68
65.039
39.464
135.54
121.37
170.42
74.082
90.949
75.712
95.484
157.3
83.853
171.3
180.73
79.781
51.282
91.272
74.122
105.88
83.529
60.464
50.022
91.156
80.772
43.72
28.655
172.22
80.538
28.995
75.209
44.099
172.21
88.073
78.76
170.09
76.255
67.683
72.496
66.724
75.51
35.152
87.547
171.9
103.68
82.31
89.537
174.1
154.76
65.817
47.939
81.846
142.23
69.335
82.1
71.565
88.501
169.93
17.511
114.88
56.645
77.865
33.727
159.28
180.77
64.341
6.9368
67.479
82.324
147.06
93.179
-1.7154
179.94
137.07
84.195
73.293
43.393
61.823
30.278
168.34
90.249
76.143
156.77
172.75
61.404
179.29
86.151
62.869
50.067
176.11
163.85
162.25
62.314
87.979
56.112
85.183
54.79
70.681
63.65
175.92
176.78
64.633
168.98
182.21
86.59
177.29
66.39
81.026
153.27
171.04
157.21
148.16
81.878
87.466
175.6
91.904
72.456
77.192
96.49
170.37
124.88
43.81
37.953
46.914
71.128
165.07
74.952
54.804
59.592
67.235
62.129
84.382
65.671
170.09
74.275
158.67
113.86
56.761
69.962
160.09
140.22
137.26
84.592
69.936
54.531
60.371
92.63
64.764
68.828
92.935
174.45
86.966
147.01
73.019
76.057
173.51
79.574
39.466
85.33
67.257
96.169
82.811
138.96
120.22
54.268
154.55
93.294
160.34
91.808
48.518
38.333
92.923
93.75
71.084
130.58
168
77.587
84.345
166.16
176.86
26.75
38.054
158
98.471
80.553
79.642
171.02
51.332
176.49
30.348
75.65
179.75
178.96
171.51
68.739
71.25
80.935
92.97
83.003
133.61
29.62
172.52
77.036
172.4
83.944
145.03
134.37
62.653
56.356
176.67
93.884
160.98
68.816
89.443
85.037
64.791
61.477
77.94
70.573
66.217
65.395
172.55
128.62
90.164
32.653
66.527
84.971
87.508
49.974
82.775
90.978
75.806
159.9
151.09
79.711
83.284
173.33
159.16
79.591
137.45
140.32
174.62
25.322
173.67
63.647
88.219
179.35
172.76
72.178
87.305
14.755
157.8
40.843
86.615
86.523
160.59
50.863
170.45
74.99
139.65
74.374
83.341
102.75
175.47
53.631
167.94
75.994
157.24
75.867
77.997
18.586
47.009
163.58
92.77
90.846
166.86
61.151
175.96
47.815
68.609
84.888
165.43
67.588
159.96
71.244
12.607
159.23
101.27
90.516
65.888
171.7
71.696
82.602
170.67
37.118
123.08
138.88
122.41
71.297
55.615
78.241
159.02
78.864
168.99
39.187
70.842
62.429
171.9
81.287
94.189
71.176
72.378
52.79
87.947
57.543
158.16
91.382
75.966
133.46
92.626
92.823
173.99
90.064
51.762
96.913
40.186
62.018
81.889
57.089
85.701
174.51
172.07
69.434
75.904
117.93
76.134
150.14
77.228
176.83
100.94
173.07
49.941
82.263
29.683
69.829
84.383
65.836
53.206
33.865
82.964
74.371
80.316
80.592
172.15
157.74
79.973
108.33
177.04
126.04
77.847
56.792
175.2
175.05
181.22
179.36
72.711
46.599
28.3
137.37
74.838
77.516
136.08
79.217
149.07
153.89
58.166
81.599
36.647
63.099
77.989
94.433
60.779
30.574
51.887
179.97
29.952
110.61
79.644
84.044
82.255
89.229
175.01
170.28
69.668
176.48
65.275
51.464
81.766
146.49
35.037
118.52
176.14
79.366
128.58
63.338
1.6561
164.92
53.974
92.371
19.467
76.095
36.018
30.478
63.567
47.685
56.823
84.934
82.381
79.454
156.64
78.022
76.336
160.94
93.852
129.25
-3.7375
123.02
89.194
67.654
152.73
146.31
79.388
62.384
177.74
162.4
169
178.43
139.83
166.72
81.781
111.68
88.85
36.625
100.58
178.82
35.338
162.27
73.041
52.716
47.697
175.3
147.33
42.982
182.45
64.756
73.653
148.77
77.5
138.23
66.692
88.019
71.909
175.1
32.936
68.062
143.94
67.82
95.365
160.09
170.86
175.05
75.869
78.112
153.5
51.194
50.27
83.958
183.59
94.943
132.47
91.851
81.512
174.89
153.8
45.241
72.514
62.715
74.371
128.82
47.659
153.44
96.459
145.12
78.369
159.44
-3.3603
73.381
63.081
52.284
73.44
91.528
62.461
0.9938
31.465
86.955
62.599
167.46
69.626
175.64
47.175
70.875
61.342
98.417
77.13
19.827
56.241
87.334
76.392
71.309
65.736
0.18865
29.647
105.3
95.815
171.08
180.43
171.17
60.324
62.204
83.418
67.648
79.763
104.42
168.4
78.519
65.029
14.222
167.72
80.072
65.172
136.03
92.761
162.68
95.153
107.25
43.856
85.584
69.472
142.75
169.88
84.722
88.334
42.412
180.88
82.534
70.901
96.116
88.937
124.16
167.43
67.639
179.93
79.616
68.208
66.207
88.407
81.963
94.004
175.68
148.38
76.44
75.191
52.441
71.25
66.559
166.06
179.35
177.35
79.724
64.895
53.06
79.849
152.89
170.67
39.333
183.62
79.572
30.033
179.28
112.56
23.549
85.111
80.03
67.821
84.373
80.393
128.55
128.01
93.054
58.569
74.989
32.12
176.75
52.399
120.58
76.545
62.759
43.112
58.199
79.372
83.073
76.845
141
86.699
84.908
46.366
81.268
181.09
164.79
9.3208
83.601
34.13
80.147
56.589
89.833
177.61
160.56
64.415
103.1
87.389
78.622
118.85
68.605
160.58
73.097
86.453
77.054
126.23
79.866
64.044
26.613
41.06
75.454
67.482
74.939
31.162
77.529
78.304
161.15
173.31
85.327
81.282
129.76
44.36
121.47
87.921
78.032
91.356
62.232
81.047
66.645
85.847
89.011
80.356
135.56
33.871
54.141
82.678
58.945
85.953
91.732
74.718
86.403
49.589
-2.8334
53.522
89.928
63.852
82.761
92.253
52.365
75.998
75.877
149.47
64.069
119.12
177.65
149.54
163.12
173.34
110.86
40.339
69.154
174.59
182.29
62.319
38.525
65.869
68.612
91.817
83.263
87.62
39.365
173.67
75.767
79.66
133.13
81.234
170.14
86.585
175.73
82.402
149.99
38.029
85.975
71.11
89.406
86.403
85.771
144.72
92.541
33.12
88.196
170.97
70.325
83.374
58.502
170.38
177.95
68.322
85.889
172.69
47.837
41.849
71.652
58.425
90.078
169.7
57.939
85.263
89.33
76.914
141.11
52.83
44.611
89.734
72.844
58.936
37.094
170.92
163.8
149.97
58.364
133.71
90.952
167.16
76.049
176.81
85.5
76.785
159.95
35.512
34.708
72.651
69.282
90.939
76.215
81.137
82.287
83.326
89.204
74.25
78.691
77.981
146.71
64.461
50.115
78.425
80.272
143.92
62.059
51.541
73.539
47.138
69.587
87.486
172.02
161.36
175.36
34.966
-6.3247
82.782
54.485
91.204
98.336
149.21
87.059
81.588
83.836
69.957
70.021
154.75
151.03
79.071
57.563
55.719
178.76
70.65
53.666
33.945
74.701
120.86
152.93
154.55
82.157
54.95
61.262
57.659
80.475
175.38
81.284
101.67
79.154
69.043
61.3
150.04
82.542
88.5
71.802
77.863
171.28
82.297
69.556
175.38
50.874
24.402
80.879
58.659
75.6
71.881
86.846
158.03
72.275
173.76
69.952
47.4
74.151
167.68
55.641
38.195
117.2
79.527
44.205
89.616
126.09
47.059
161.45
99.11
40.37
65.952
96.613
56.452
79.358
146.23
180.34
54.845
64.219
167.47
10.912
32.713
76.302
55.19
174.07
0.2223
153.09
85.586
126.21
178.81
73.495
91.57
51.815
168.08
49.51
79.247
173.65
65.018
62.817
70.403
90.618
50.992
32.326
79.695
78.619
170.41
95.727
180.03
170.15
159.09
44.359
67.685
175.34
79.879
84.796
183.48
172.04
84.073
115.02
176.9
75.116
73.626
54.958
157.4
174.08
73.037
108.44
71.876
101.08
-4.4187
33.23
78.741
94.038
103.27
2.1585
70.04
-0.37371
70.588
162.16
158.9
84.519
82.417
157.99
-2.047
79.682
52.353
89.109
60.468
71.729
68.538
169.12
55.363
176.27
62.942
56.942
94.52
98.007
78.612
107.13
84.612
156.14
70.601
48.533
80.478
90.616
170.96
79.777
138.59
88.806
47.307
116.23
86.675
171.46
83.088
70.665
147.36
63.048
1.3684
70.919
178.28
157.32
81.174
154.81
108.44
23.588
84.465
170.58
90.082
65.407
42.096
176.74
68.326
52.571
56.727
171.23
158.49
51.462
169.21
66.584
162.73
68.863
57.611
24.569
79.659
172.54
166.97
75.656
156.96
166.15
122.05
60.321
44.781
61.066
56.768
77.823
179.7
165.19
64.633
69.033
179.92
178.03
63.004
61.024
46.619
79.214
86.579
169.29
54.001
65.308
137.87
170.84
167.89
54.786
172.56
87.322
49.673
166.13
159.17
86.266
71.461
58.99
69.417
150.64
158.95
86.553
79.862
71.403
122.27
176.68
61.078
162.85
79.051
82.216
171.75
69.696
159.49
76.879
53.488
66.281
164
41.032
148.79
175.73
83.468
140.78
81.427
172.02
89.156
160.65
101.53
64.86
-5.8503
172.19
178.33
-1.4394
73.61
86.617
169.2
79.205
174.35
48.326
91.605
89.584
68.622
56.386
146.3
77.716
78.811
61.801
64.552
63.465
88.46
80.509
78.453
78.322
94.431
81.579
56.541
85.651
157.7
60.073
171.85
85.243
32.908
44.169
171.46
167.44
59.843
92.394
123.3
95.49
32.569
87.616
141.86
159.18
92.775
41.01
81.279
75.643
54.809
88.048
118.75
178.96
88.37
169.84
33.743
166.21
86.813
92.05
183.09
75.687
59.01
146.7
56.492
174.99
26.326
80.459
78.218
74.833
85.835
166.59
152.16
84.963
67.578
50.915
178.99
177.18
73.923
166.61
56.881
180.41
174.74
83.338
128.36
81.144
130.4
39.692
67.257
173.41
78.834
93.627
33.677
81.048
138.1
172.46
54.786
166.2
172.34
107.07
164.72
113.72
21.573
30.323
72.396
101.28
74.454
82.156
62.212
111.84
36.418
130.37
75.34
37.614
153.86
68.656
78.482
71.336
81.154
157.19
177.72
79.848
85.031
107.75
69.394
85.872
88.806
125.41
73.784
82.457
180.13
168.59
84.921
73.458
65.346
178.76
173.45
129.88
86.83
58.3
71.774
180.1
158.52
88.26
88.984
49.441
72.767
66.52
67.368
74.154
85.887
86.556
90.008
33.166
74.965
139.06
169
43.372
169.17
66.898
70.431
173.87
166.89
32.489
87.276
126.34
80.871
168.2
82.941
87.71
156.16
52.328
167.97
71.781
-4.4017
54.561
71.843
105.87
65.738
175.26
92.397
129.97
24.953
60.935
161.07
172.32
73.051
80.33
76.141
118.55
60.814
44.063
172.51
80.429
67.57
61.781
74.26
80.96
64.102
163.14
122.59
87.335
94.152
71.876
166.71
162.76
-5.4157
117.75
178.5
64.568
106
36.005
79.027
169.75
86.936
152.33
91.208
34.52
79.482
165.73
95.705
83.415
148.81
35.561
70.858
56.666
85.673
175.19
120.25
65.819
175.41
168.59
74.997
166.91
82.95
101.87
100.92
172.7
75.857
65.025
149.04
72.848
119.41
102.62
68.735
77.484
69.571
172.31
44.063
175.67
165.96
77.427
172.19
82.085
77.616
56.654
106.55
132.49
82.258
78.683
70.841
74.25
138.3
161.86
76.19
93.135
93.849
158.89
147.5
50.452
61.415
153.87
164.14
80.816
72.275
83.85
162.76
84.601
172.25
74.987
27.3
114.97
138.58
51.905
175.57
47.136
85.048
155.46
83.458
64.257
3.0318
90.594
179.4
77.043
147.23
84.195
85.748
89.376
113.4
27.278
81.905
63.502
172.46
87.124
74.478
177.37
51.93
-9.5973
84.761
91.95
80.859
154.13
46.129
87.594
130.04
41.87
169.14
80.846
33.638
169.19
74.253
181.75
58.289
157.02
54.535
82.488
-1.1959
40.175
158.38
66.076
16.749
83.601
57.148
90.085
41.1
72.486
137.17
92.103
73.74
66.731
138.17
176.36
60.149
177.66
22.77
82.876
79.567
178.95
71.668
160.31
171.85
43.348
177.69
72.242
80.135
108.06
84.579
162.57
50.914
80.359
98.786
91.065
31.897
74.942
63.999
96.245
179.27
79.889
80.131
137.29
95.032
173.84
87.836
85.996
79.15
32.028
174.72
96.252
174.14
173.88
176.76
54.687
89.629
172.54
87.606
81.379
68.764
86.934
76.007
70.042
57.418
166.56
62.173
85.933
67.16
145.24
172.9
91.686
72.599
162.47
172.2
77.846
178.17
161.73
59.656
52.727
160.1
89.681
79.156
169.93
71.329
59.945
30.596
135.31
78.209
61.977
125.95
128.58
137.24
114.18
69.471
75.183
150.12
176.11
69.115
33.546
146.22
45.386
106.51
63.746
174.91
41.622
63.045
176.15
73.526
178.94
174.2
29.615
169.07
171.83
116.42
67.78
78.767
170.22
157.32
-2.6871
144.98
120.34
46.393
76.711
176.23
77.303
143.98
67.837
72.007
78.321
48.577
175.13
82.722
82.858
117.05
88.028
70.212
45.895
69.001
53.634
135.59
178
166.94
81.146
46.843
30.346
134.82
125.53
89.646
173.24
43.056
157.78
73.973
80.335
182.17
94.811
90.847
169.74
91.88
141.09
92.948
170.86
88.458
63.669
25.256
89.86
158.37
33.444
71.769
35.05
69.334
73.894
166.25
50.789
163.85
178.37
91.093
179.96
173.54
167.57
-10.254
25.529
69.658
148.79
120.95
85.676
77.545
175.15
128.23
70.034
36.938
68.882
147.42
75.157
143.51
174.02
33.888
50.397
15.818
178.34
58.294
154.28
136.56
166.88
55.174
43.355
87.446
180.95
65.133
24.493
157.51
127.85
86.795
45.62
75.83
50.945
79.279
71.755
44.713
138.46
70.589
84.544
182.43
170.48
159.32
80.213
91.255
79.735
71.835
133.02
159.23
89.25
57.89
82.755
40.481
181.75
103.86
107.06
96.547
175.18
86.105
42.651
83.862
79.638
57.936
56.615
161.24
67.691
181.65
58.797
65.906
-0.91913
165.16
175.18
36.923
179.8
38.953
175.05
58.329
171.91
78.108
68.783
69.201
170.86
54.911
17.468
125.59
88.306
81.731
154.6
172.84
49.405
62.534
119.79
184.61
50.869
166.7
173.24
35.112
67.974
173.56
175.62
84.876
86.524
68.782
166.34
90.661
52.275
62.66
75.791
39.852
174.42
175.76
95.054
99.612
73.155
80.731
28.861
174.4
80.157
31.175
162.93
61.078
103.64
86.792
87.142
175.27
141.8
41.947
89.118
69.416
73.58
77.51
61.711
91.439
71.883
49.027
160.77
173.19
153.71
167.43
159.3
62.307
91.855
68.822
84.381
77.197
82.439
179.56
50.222
127.36
78.977
76.518
81.607
61.797
93.013
68.864
82.201
73.107
30.894
168.17
77.119
120.13
68.806
85.803
77.999
39.159
90.479
106.33
164.37
83.133
75.037
181.15
98.763
74.907
77.715
171.68
81.229
60.906
77.335
67.05
63.554
58.355
22.442
54.248
36.185
52.877
85.956
163.72
71.92
121.89
164.54
164.44
71.946
72.272
74.301
83.204
81.977
116.69
96.873
6.4265
24.096
75.067
179.77
67.803
165
181.97
91.425
84.825
178.28
0.26404
75.416
50.498
175
94.06
130.74
51.305
91.676
151.43
81.68
79.654
58.881
159.98
118.17
81.023
89.498
44.672
41.8
62.985
82.642
71.438
67.103
72.733
174.2
164.08
82.564
134.79
122.43
57.621
-1.7907
79.398
157.43
82.638
167.56
70.786
90.939
87.836
65.972
159.58
34.501
54.617
44.093
86.112
87.43
145.43
171.01
69.044
75.322
42.627
165.23
105.35
74.56
69.488
78.951
161.52
76.831
79.528
49.035
83.803
59.63
150.13
60.279
85.779
45.589
82.299
89.225
63.833
83.034
82.365
36.703
79.241
119.05
69.591
167
51.157
172.74
135.87
138
118.9
127.71
136.9
95.683
146.2
68.705
176.49
179.97
52.442
74.528
59.361
53.404
62.739
95.162
77.895
69.298
89.594
62.2
69.496
50.696
58.238
71.561
80.848
132.72
75.962
96.004
80.636
60.123
171.22
89.842
92.291
174.15
74.5
86.992
134.12
57.369
74.671
76.804
80.356
164.46
52.294
164.58
86.33
22.849
68.449
168.16
63.958
174.97
53.902
103.7
87.28
78.048
129.86
67.753
98.846
159.63
-5.3954
172.88
175.44
78.859
118.15
64.558
153.14
90.603
165.2
173.83
33.322
71.932
88.646
53.634
55.054
136.96
147.1
77.553
182.5
64.847
90.092
31.159
165.41
84.029
67.305
66.505
143.25
175.73
33.2
134.37
153.53
70.276
67.128
80.625
134.29
48.819
61.707
76.343
63.56
61.558
72.866
101.46
127.77
93.495
93.906
77.428
90.098
84.748
67.287
75.072
88.27
159.47
95.772
80.653
58.239
71.228
50.344
64.279
82.664
80.565
88.344
94.312
63.742
53.248
54.996
18.029
168.88
171.76
36.189
89.261
90.48
62.597
73.331
53.849
63.335
164.52
175.95
59.008
63.936
87.821
60.482
47.119
175.13
79.518
80.528
48.219
81.316
40.473
64.217
26.243
51.692
169.23
67.1
47.853
171.45
122.06
52.11
153.08
80.424
174.19
60.406
49.124
152
28.038
73.818
147.93
68.496
74.617
80.01
144.47
173.6
120.24
116.88
59.673
84.461
151.61
151.12
160.51
61.741
77.66
35.282
60.464
68.046
51.717
88.813
163.66
168.75
46.185
67.748
94.638
43.326
63.644
79.519
82.439
77.493
66.966
75.41
69.724
43.779
72.325
49.215
85.368
73.674
64.494
76.692
52.375
27.639
74.63
1.3619
111.69
78.425
180.02
82.229
73.197
80.659
30.047
92.872
83.863
121.3
81.959
101.41
49.3
67.26
75.419
147.32
82.72
164.25
140.62
80.153
76.27
90.432
50.871
108.99
49.28
68.175
60.785
79.052
47.959
76.88
61.576
79.486
70.467
64.836
178.72
59.225
81.472
87.592
88.12
160.62
88.423
178.92
88.044
93.881
50.359
116.6
55.314
169.62
176.12
161.63
173.51
139.48
91.729
169.3
0.13746
59.778
38.811
172.63
68.185
82.833
77.534
104.44
152.75
59.248
134.67
90.541
76.307
152.6
127.21
43.929
138.22
86.005
86.221
87.045
49.682
69.088
87.277
63.176
77.721
129.51
32.678
65.04
-3.7283
14.705
87.439
83.386
175.45
165.41
38.538
51.312
72.696
84.905
77.991
44.646
75.188
144.87
97.076
97.105
73.23
73.666
62.024
93.318
64.572
163.65
71.002
50.188
48.707
111.39
86.817
173.78
60.552
52.586
82.888
61.427
75.624
67.565
97.886
73.711
84.638
44.015
159.55
52.449
78.308
169.75
70.317
53.009
56.584
90.853
71.095
172.86
65.895
161.62
94.428
172.38
82.103
78.963
88.377
76.097
75.326
46.3
152.47
73.044
83.062
64.134
177.14
86.653
84.486
88.763
67.645
53
175.46
165.41
86.159
168.22
92.715
155.54
176.38
130.32
123.33
163.91
129.67
74.37
165.38
101.96
88.666
75.525
74.429
45.111
52.425
167.12
76.036
22.96
175.96
96.692
78.093
178.81
80.718
179.57
72.615
55.985
49.926
181.82
152.85
86.157
83.97
83.001
140.67
70.267
51.105
164.48
177.9
76.209
116.03
72.902
70.881
93.846
140.22
82.136
-0.1607
46.897
68.328
43.534
94.371
87.154
146.12
58.782
108.34
69.472
53.754
161.34
64.052
51.514
178.12
56.918
67.477
61.13
161.71
29.19
80.657
106.54
80.193
66.338
69.876
70.532
68.305
166.24
87.428
131.27
159.33
179.37
172.21
58.051
75.509
64.455
135.91
175.48
163.18
56.008
52.406
88.115
80.518
79.796
70.519
77.814
91.591
78.658
56.115
64.972
69.598
41.738
172.76
91.645
84.442
126.76
70.25
185.58
176.25
58.404
153.97
75.624
90.37
3.1715
179.96
178.77
149.24
100.28
75.484
62.13
86.699
69.459
150.88
67.678
48.475
-7.3386
68.202
91.915
77.008
39.756
113.32
101.23
81.878
59.183
89.145
82.52
43.843
159.23
116.09
74.41
84.26
55.879
161.82
-3.8338
116.45
145.25
155.97
73.101
47.352
65.412
173.9
63.884
71.748
65.978
50.034
72.885
78.04
72.339
92.393
167.54
153.81
46.916
176.54
146.56
48.509
179.66
123.54
163.61
79.28
72.362
92.846
80.634
175.23
78.684
121.65
70.888
133.96
153.65
3.6229
172.35
124.77
156.73
40.069
78.35
37.083
177.25
80.804
177.28
174.57
174.45
68.39
19.872
69.807
168.02
143.59
132.63
162.09
71.998
95.988
173.53
78.787
33.83
137.06
165.52
98.92
88.921
44.669
58.002
71.813
166.1
73.467
63.956
75.307
68.762
182.18
181.26
182.81
52.187
-3.222
74.264
159.16
46.593
67.971
67.831
157.23
71.347
82.834
71.176
86.139
58.654
87.623
127.39
50.812
65.04
115.32
93.341
184.35
169.77
44.17
93.873
179.54
64.569
72.819
131.94
66.977
169.71
75.054
179.45
89.853
106.06
13.361
61.029
147.26
27.258
180
56.922
92.793
62.825
88.286
72.216
-10.085
44.525
165.13
97.916
51.128
48.287
60.122
153.57
63.535
56.281
62.401
50.483
76.063
111.71
1.4545
166.74
51.48
66.811
75.107
178.18
74.39
133.98
67.79
53.648
165.97
182.25
77.33
77.468
134.64
181.23
81.502
97.557
78.142
44.526
97.115
111.25
49.174
72.352
69.066
167.84
164.07
81.381
54.791
87.334
39.4
168.04
183.25
181.06
59.448
81.152
15.044
159.88
74.323
53.471
-2.3237
76.773
62.301
170.84
94.819
5.5385
89.777
67.036
166.21
86.75
86.936
152.7
94.113
57.194
83.585
176.44
177.39
87.158
-5.2437
76.801
-4.1449
53.85
58.92
131.77
86.168
171.11
175.67
85.714
87.728
175.11
1.6524
81.675
46.095
51.335
53.717
169.71
173.53
93.164
59.713
47.689
73.369
150.89
71.305
168.05
32.238
63.327
83.274
69.543
26.05
76.632
48.496
77.082
52.137
81.731
73.187
45.449
87.784
171.76
63.57
173.21
19.885
53.324
62.411
92.763
73.739
78.403
93.283
76.705
84.604
114.34
97.517
55.393
132.04
121.81
85.064
80.082
161.38
154.95
181.6
166.67
110.4
85.63
120.81
76.098
175.97
22.534
82.817
74.259
81.66
175.79
38.483
63.949
84.953
82.034
23.317
85.028
16.267
175.61
78.086
107.76
169.12
174.78
-5.2696
78.071
60.888
181.22
92.293
89.427
69.03
168.49
178.76
96.785
166.02
87.81
162.19
48.869
76.788
88.403
150.35
68.046
52.195
87.027
89.255
54.692
169.61
66.033
104.21
73.985
72.428
73.543
58.008
80.196
91.622
144.7
36.327
178.38
99.56
83.215
90.905
171.21
75.951
135
125.81
82.362
159.02
85.299
70.266
68.973
183.47
53.291
113.85
81.075
174.24
41.923
165.32
51.634
82.532
84.833
84.864
118.53
72.593
70.347
69.304
76.21
169.22
168.76
80.496
72.717
177.49
29.608
30.328
177.3
166.85
165.28
62.469
63.74
58.792
71.044
166.81
147.84
156.14
86.532
35.502
49.029
55.304
69.043
41.811
165.92
89.147
168.86
77.09
55.272
158.76
150.85
66.9
81.296
38.998
92.498
163.47
153.74
87.189
94.819
167.4
90.44
72.169
106.74
87.674
159.81
91.197
76.546
145.75
66.111
141.34
133.7
77.79
61.193
73.776
46.288
5.5501
168.71
178.6
138.11
50.371
65.026
63.6
15
181.38
167.13
74.324
141.18
82.334
108.07
84.797
58.315
24.523
169.92
130.94
76.258
78.542
158.27
123.04
135.56
58.772
71.631
122.97
68.968
154.45
113.79
173.82
88.808
70.71
78.918
117.8
163.85
84.358
166.93
53.471
30.227
115.5
49.588
86.863
-0.6649
94.46
77.395
56.011
76.279
179.51
81.3
166.27
110.89
176.84
68.013
92.555
74.085
66.12
159.62
64.787
180.42
160.84
90.76
44.23
80.302
84.591
148.05
168.7
178.04
57.909
150.51
80.07
72.066
66.707
119.72
147.54
123.55
177.88
126.72
180.65
168.88
65.346
73.032
162.09
61.213
101.77
121.92
89.95
165.35
173.27
88.232
165.48
41.413
79.166
83.411
179.12
76.697
64.616
179.58
78.92
41.382
56.08
45.711
77.755
172.86
42.42
152.75
87.885
33.861
174.48
71.731
166.62
163.22
82.677
38.615
48.486
59.593
88.745
168.13
162.62
132.09
54.712
89.062
177.75
150.32
148.76
74.881
47.811
144.88
168.03
82.628
93.275
144.54
70.625
54.798
46.068
71.621
134.12
27.576
171.27
82.004
172
178.12
87.15
53.057
55.344
80.172
95.691
127.64
174.6
68.445
76.017
89.299
80.294
123.75
78.343
119.98
57.614
58.147
79.562
63.167
162.15
40.363
154.43
125.31
170.18
79.815
85.299
88.006
165.57
76.372
176.99
97.487
164.38
43.548
90.328
93.129
50.129
-6.4035
175.17
175.74
67.9
160.53
146.93
96.444
111.22
91.055
71.808
8.6396
87.565
148.5
56.792
121.76
98.306
174.95
62.847
182.66
85.187
-6.143
84.359
104.56
168.41
154
81.344
166.48
36.994
62.252
175.21
151.88
168
152.58
87.349
110.47
53.054
74.115
74.598
175.28
74.017
88.805
82.86
174.61
59.983
77.194
80.599
150.94
35.167
172.73
28.049
138.91
71.985
61.365
178.93
71.684
170.8
24.334
76.69
63.067
89.034
67.08
90.027
80.149
51.853
42.732
119.32
38.389
63.523
66.962
47.842
79.491
75.651
99.041
166.82
68.433
50.962
70.646
62.222
72.96
76.688
175.37
161.19
65.744
69.912
85.678
133.41
71.693
92.916
68.971
92.49
140.1
85.095
80.629
131.36
158.74
80.013
59.278
78.695
84.592
177.61
44.865
51.132
167.22
114.35
89.404
94.565
64.151
168.56
87.422
81.913
80.942
94.693
171.94
89.579
84.95
81.071
76.367
80.058
176.56
25.755
66.277
127.78
89.149
163.86
167.53
59.998
181.6
133.39
89.329
136.44
169.62
72.89
34.72
47.66
86.673
84.839
91.571
62.713
28.865
172.08
56.978
171.45
66.324
169.8
70.787
166
164.95
87.755
176.75
169.55
66.928
168.52
47.409
182.04
84.738
77.778
60.67
73.939
58.193
181.19
176.94
163.85
171.24
-7.4642
163.58
49.887
24.195
105.14
149.92
171.83
87.675
177.59
29.147
82.152
163.02
101.43
181.94
125.24
24.846
39.363
112.95
61.173
134.83
70.086
90.492
70.481
174.93
85.737
66.289
58.113
75.534
68.492
60.419
163
174.83
37.49
110.35
172.34
61.008
55.782
50.634
46.48
92.75
68.338
172.52
77.125
82.011
61.487
94.23
41.117
83.071
176.39
156.46
90.444
87.265
170.41
77.72
125.74
88.544
171.69
61.867
29.105
166.29
105.94
88.558
176.87
174.5
71.065
80.737
57.534
68.289
172.83
180.73
66.707
172.79
49.939
78.006
77.454
148.93
180.65
84.539
66.718
130.68
74.186
162.18
85.108
78.279
80.828
69.199
37.975
82.836
52.678
157.93
159.1
89.128
65.909
167.47
63.268
88.954
76.493
92.366
139.56
39.558
172.49
82.764
80.981
166.43
178.9
179.25
-2.6483
59.815
63.066
83.759
82.767
179.15
-5.3632
72.539
163.78
109.7
57.085
178.24
166.95
170.01
49.387
77.531
173.53
91.039
85.517
67.319
81.888
80.562
170.13
79.319
168.53
73.507
75.208
86.451
180.9
177.23
172.1
126.93
175.46
5.8655
178.13
43.737
130.95
181.21
169.94
81.521
174.88
154.82
130.96
87.386
78.249
160.19
91.207
132.82
125.84
73.073
61.147
170.51
55.726
172.03
41.225
163.27
79.669
78.251
67.66
90.299
55.649
76.301
68.502
85.674
27.988
174.55
98.213
-9.729
164.1
70.088
90.004
179.04
92.892
-2.7907
178.37
51.827
78.692
94.718
77.436
61.32
61.97
72.922
88.954
67.289
135.19
93.522
168.7
88.678
174.64
90.556
75.178
129.03
76.884
95.581
49.9
173.93
84.267
94.55
147.62
17.422
61.237
104.17
66.377
64.653
75.09
86.433
56.804
175.35
70.021
41.651
76.865
165.49
107.84
168.46
77.818
71.391
57.342
136.24
92.017
82.179
49.199
167.81
34.455
71.58
167.17
146.61
94.044
0.13383
170.8
50.856
60.091
-0.61669
92.311
76.32
-1.732
115.28
81.339
167.16
113.18
141.26
138.42
80.467
60.809
180.31
78.842
67.953
68.085
85.493
136.48
73.659
167.49
176.94
95.912
1.1313
144.56
80.83
63.828
171.86
182.06
79.358
91.693
34.7
142.04
92.787
170.56
70.942
161.68
173.96
86.204
84.13
15.873
84.059
122.32
93.098
79.449
122.47
-3.4624
78.3
60.975
46.551
66.438
169.7
72.787
71.118
175.33
77.302
65.667
95.391
165.11
59.356
60.684
81.851
40.498
82.337
88.191
60.838
68.019
80.175
89.042
176
138.18
85.302
162.02
64.864
116
168.79
30.199
24.712
44.34
89.931
129.26
136.19
171.17
-8.3893
71.693
73.123
164.45
168.06
72.5
175.88
48.691
83.487
55.712
70.635
103.73
39.608
127.65
32.293
59.17
78.558
60.661
83.809
84.149
132.62
110.99
78.498
137.29
83.981
66.572
170.4
82.563
35.698
111.74
181.87
45.198
168.26
177.89
141.44
62.556
0.21648
177.82
37.137
164.32
41.506
180.82
82.19
63.184
70.535
68.204
61.585
64.15
71.017
153.67
65.52
52.654
156.78
32.16
78.26
73.415
81.962
164.6
39.618
180.66
160.7
83.978
87.437
76.52
83.871
74.732
83.756
57.616
84.426
74.835
52.163
153
78.923
58.067
32.28
87.616
171.28
23.347
77.788
72.022
71.919
81.682
73.293
151.69
93.54
52.064
171.83
88.097
147.54
1.354
57.125
141.21
153.03
76.044
58.058
90.048
68.068
89.204
88.386
72.934
86.263
77.001
173.52
72.833
50.522
3.6551
62.662
169
149.59
67.366
118.51
171.76
37.098
177.99
83.704
24.297
177.45
154.42
54.662
33.162
176.26
113.55
81.726
77.717
52.158
169.53
177.99
12.027
148.32
50.244
179.34
170.56
120.76
178.4
65.86
38.745
51.356
36.82
178.68
59.46
63.88
63.754
78.034
80.211
80.171
38.149
44.827
179.92
66.04
54.237
58.778
41.497
91.522
165.66
87.066
174.82
99.751
69.955
55.654
79.9
162.22
86.319
21.942
47.521
173.6
75.58
169.75
169.58
170
160.35
75.86
108.22
90.567
94.366
66.319
-6.2332
169.18
59.764
139.76
61.129
80.171
52.34
102.65
94.914
71.064
92.767
40.213
78.858
96.736
143.82
118
71.444
46.587
104.35
71.068
79.843
71.689
71.325
160.25
59.266
69.138
42.369
172.15
29.743
42.544
65.923
79.845
136.43
52.016
76.315
61.873
132.27
105.22
180.04
80.557
168.19
76.953
68.141
39.155
171
92.681
79.77
153.5
98.054
84.92
72.832
57.731
114.37
99.056
80.218
77.696
43.177
29.704
180.84
143.81
20.383
174.49
38.521
84.093
82.338
49.138
79.722
76.521
169.26
172.61
64.614
53.91
175.53
109.64
171.69
89.936
63.062
80.741
59.413
90.201
38.228
68.703
95.91
72.296
164.92
172.41
65.606
70.184
59.653
77.399
93.459
147.25
67.663
173.38
30.967
66.168
30.585
178.23
61.531
93.98
67.734
81.57
86.424
138.84
163.44
125.29
79.339
38.622
78.529
70.556
78.33
173.75
168.08
146.47
82.038
110.15
90.829
165.34
88.045
60.03
33.598
98.692
75.709
168.74
175.96
165.72
18.863
85.187
43.347
167.4
79.974
175.53
47.528
165.75
56.599
52.061
96.255
60.727
159.8
89.438
79.233
79.243
157.32
80.316
156.28
155.39
88.596
89.831
82.341
182.86
177.66
88.785
171.79
144.99
49.728
83.846
133.75
175.19
68.863
81.664
122.8
176.87
46.893
76.561
87.915
63.112
70.142
71.903
179.52
85.59
111.98
82.602
167.34
93.77
97.393
126.95
86.624
159.97
88.466
48.737
78.719
78.228
171.09
182.26
148.58
78.518
88.888
169.78
176.38
82.283
82.33
164.21
32.14
50.811
77.856
170.72
83.471
88.837
161.75
81.517
80.516
-1.9938
87.596
18.326
83.778
79.581
13.128
80.26
166.34
165.43
94.895
51.599
69.43
45.558
90.787
92.881
64.979
14.944
154.44
69.262
183.88
165.5
69.172
8.3396
80.14
163.05
100.62
81.623
63.457
71.246
151.16
76.441
149.38
158.57
82.753
156.26
114.86
79.263
103.13
76.954
78.577
73.031
134.43
76.637
26.523
75.025
63.643
70.679
129.17
89.902
117.61
170.96
180.73
79.468
128.4
163.8
54.649
78.183
87.062
55.974
90.886
174.46
78.81
149.1
75.508
86.26
169.36
169.69
26.253
81.672
70.406
73.4
78.005
46.932
51.549
75.069
62.485
81.253
86.123
178.05
91.617
79.68
171.63
149.56
57.168
57.011
176.94
168.8
54.955
90.067
86.731
156.91
87.799
116.1
93.623
166.52
60.469
106.38
84.573
86.04
83.783
84.278
162.4
47.727
169.3
48.129
122.81
58.683
160.94
140.14
81.111
89.985
76.029
171.44
180.37
90.314
71.449
73.967
45.313
57.642
43.47
151.13
52.226
74.68
95.287
121.19
82.978
87.334
45.335
59.286
67.647
178.09
63.59
90.007
175.03
64.202
95.652
57.508
65.788
79.801
173.14
97.514
80.06
54.739
55.452
93.651
176.65
80.118
169.09
171.31
72.515
34.445
73.39
173.44
124.07
138.57
131.56
70.526
77.918
155.73
79.844
-7.9255
-0.46369
61.702
80.207
83.218
47.283
96.919
174.51
115.58
179.61
70.913
157.29
49.647
88.319
75.218
88.694
91.63
107.22
81.336
65.774
64.506
91.789
118.29
159.55
42.276
181.47
21.524
77.057
89.558
156.74
64.859
57.846
51.764
75.119
69.61
70.596
52.531
124.89
78.48
89.763
37.332
88.534
86.151
68.447
43.164
15.798
74.584
56.878
31.286
158.08
75.643
86.502
71.124
162.31
121.05
134.5
67.076
75.789
152.19
57.148
68.2
89.28
69.944
81.023
168.48
55.239
71.208
177.27
88.309
175.54
61.776
133.49
67.853
85.484
181.42
71.231
69.951
63.012
100.44
154.78
87.981
73.471
73.918
54.552
177.37
116.5
160.29
172.98
169.64
55.91
72.889
169.48
95.942
76.693
74.965
52.219
171.55
75.949
126.32
143.08
32.4
70.561
77.47
92.12
71.966
166.42
58.73
72.174
95.444
171.53
86.954
70.502
67.62
93.331
79.526
84.544
92.497
82.066
90.638
75.407
76.344
22.231
81.692
29.336
43.013
181.49
62.141
159.7
42.02
178.37
165.7
59.208
62.246
175.43
124.99
93.042
67.201
62.17
138.34
91.956
71.573
70.097
56.802
155.12
172.29
65.236
154.94
86.609
171.63
102.23
80.301
47.696
71.206
54.601
57.194
84.123
68.814
78.194
68.876
167.92
117.88
177.24
72.896
166.08
64.415
161.48
179.54
16.066
160.47
118.08
166.61
155.44
14.232
73.104
163.94
135.03
53.385
94.529
80.44
46.122
164.26
69.243
74.876
79.116
169.54
168.72
97.444
137.85
82.277
179.43
95.258
94.568
59.412
81.068
62.721
126.22
179.44
53.921
181.03
91.592
160.91
74.684
152.49
84.047
123.84
84.799
46.584
168.83
175.72
84.856
65.079
105.09
130.28
179.93
61.123
52.901
144.88
78.924
151.35
68.107
174.41
88.301
56.604
69.29
58.884
173.61
89.086
36.266
144
85.532
81.229
82.017
42.895
178.03
83.462
177.68
52.47
78.291
142.67
37.344
106.05
172
57.253
73.375
154.56
159.47
168.68
60.607
177.69
170.07
88.819
92.944
98.263
79.158
64.836
50.177
121.62
109.43
144.61
56.273
180.51
149.69
85.514
68.258
75.785
81.223
66.445
167.11
97.165
169.19
51.752
177.66
89.807
165.49
92.396
90.351
122.29
92.497
181.63
94.528
67.42
78.477
172.39
44.624
61.719
173.3
54.956
76.806
161.4
64.311
88.875
75.224
66.381
54.086
116.84
62.615
172.02
83.645
149.82
54.954
172.17
174.31
171.09
169.35
45.672
51.625
176.03
89.051
72.973
74.065
179.06
87.626
126.64
83.422
96.724
170
172.31
39.65
99.515
93.712
85.95
79.61
174.73
151.11
178.14
76.753
76.765
71.294
77.797
78.747
163.47
168.07
70.925
38.264
170.91
73.715
54.499
69.626
81.638
83.706
1.8096
81.077
143.06
70.111
44.374
59.334
160.91
148.8
174.35
82.967
166.34
178.32
78.743
71.686
168.16
40.173
76.803
79.804
97.881
73.375
65.492
66.582
55.851
57.882
51.649
174.08
90.094
102.63
82.758
55.469
74.621
86.812
101.4
82.784
93.681
176.86
64.616
171.78
179.55
44.659
70.246
176.74
175.39
95.867
51.088
90.24
166.56
165.4
70.907
73.86
70.598
34.211
51.331
76.732
62.2
68.159
85.045
76.986
91.319
84.5
78.698
88.631
39.614
66.488
70.512
154.27
173.43
95.22
133.66
152.82
84.913
93.834
180.92
177.71
92.302
83.071
87.363
77.073
178.16
86.628
90.949
77.682
93.653
69.711
174.69
176.07
78.631
84.825
94.862
83.553
88.535
93.073
88.701
96.945
85.654
83.834
148.17
65.495
109.38
20.413
78.362
95.194
167.53
29.534
178.06
183.19
76.358
24.767
89.768
165.82
95.421
141.29
167.37
45.94
89.446
176.08
156.42
64.899
137.84
181.22
68.316
81.826
104.84
90.2
58.312
167.21
166.32
152.03
70.525
78.481
170.76
94.823
130.36
163.96
56.389
-4.2104
117.57
106.9
53.769
172
177.6
72.021
66.927
44.772
139.52
65.72
27.806
75.665
66.635
62.7
67.15
158.8
133.96
133.37
142.41
84.577
133.47
21.291
80.124
68.705
76.732
75.765
155.8
166.19
168.31
49.77
57.128
67.805
57.51
62.393
179.94
172.9
68.004
117.27
73.606
151.31
66.386
46.076
88.176
-3.1728
144.6
179.14
172.54
168.46
99.589
46.733
73.309
95.406
75.266
152.42
46.306
0.89443
86.022
25.427
184.02
78.103
116.59
92.739
66.78
93.841
66.794
30.761
168.6
180.38
176.05
27.48
77.29
170.38
164.29
166.2
-8.6625
169
74.455
150.97
170.2
52.691
38.429
60.397
58.087
95.879
177.03
80.942
79.138
81.864
72.076
64.212
164.25
73.16
170.03
75.251
60.92
162.12
59.226
75.995
70.168
84.167
89.455
54.18
39.982
95.04
86.623
144.45
66.48
34.607
180.23
80.008
148.12
167.82
74.227
166.6
182.68
69.578
135.27
82.108
83.907
80.22
176.87
100.61
67.634
80.34
88.981
86.024
81.745
66.082
164.45
94.531
156.07
173.62
73.85
94.237
52.797
75.493
48.582
69.071
87.915
66.595
171.1
50.659
88.545
47.028
88.572
-1.2576
116.28
170.97
82.379
62.713
79.844
167.12
77.247
43.601
92.762
65.888
87.938
138
82.076
111.36
81.75
65.241
64.426
49.586
70.485
93.784
57.396
72.756
68.907
15.849
72.828
173.74
175.52
156.37
169
-9.9599
53.94
82.199
87.46
160.25
169.13
82.653
174.9
67.207
50.628
138.86
173.1
84.857
66.208
174.44
73.262
88.361
65.24
72.677
140.28
58.109
119.89
173.98
59.151
82.161
169.76
127.54
26.183
179.37
42.658
86.581
48.133
86.304
85.813
69.885
61.929
77.707
93.072
64.835
129.39
50.465
57.386
95.866
78.679
44.517
48.206
83.173
77.846
28.101
98.27
70.346
108.4
51.224
80.814
173.04
176.31
55.23
177.88
165.64
76.064
105.59
147.57
178.58
174.55
69.594
75.568
80.475
149.91
70.007
162.18
147.69
145.14
84.75
125.63
72.032
180.11
102.01
60.811
116.28
66.094
100.98
184.27
167.1
171.79
53.072
65.143
66.222
163.46
46.825
130
81.912
94.104
116.95
88.376
69.8
60.899
95.172
71.041
177.67
68.126
49.481
-2.6506
79.642
33.796
85.616
152.28
-2.8913
59.492
64.991
176.28
121.63
84.145
95.928
143.87
68.972
55.428
25.577
174.03
176.17
178.35
81.066
53.851
15.66
79.14
78.203
36.607
65.495
65.777
97.033
76.532
76.913
162.06
79.972
58.277
74.962
47.711
72.436
93.575
51.938
173.45
169.73
176.81
138.57
48.394
43.683
172.98
170.89
70.579
122.64
57.331
72.661
82.251
166.88
166.36
94.091
86.091
81.461
53.481
117.14
65.563
81.923
72.57
-3.9462
46.538
110.3
61.296
88.36
73.508
91.505
91.239
88.338
70.598
83.329
66.206
126.79
66.129
43.319
84.559
-3.7661
47.181
63.983
62.583
72.048
123.38
89.606
66.954
87.185
79.402
29.691
142.05
175.1
63.649
170.81
42.469
51.495
37.211
137.82
71.083
95.101
59.836
178.23
115.49
33.103
177.29
61.49
27.845
83.977
181.88
64.486
168.77
53.536
39.393
69.888
102.56
163.55
75.977
82.152
149.77
159.48
-5.2615
73.555
173.25
54.573
68.319
79.698
168.92
180.23
32.184
73.051
172.94
69.15
84.738
63.298
89.102
166.29
96.776
51.759
139.29
160.45
78.647
83.922
120.26
29.411
94.877
96.246
82.311
64.293
164.66
82.758
81.45
91.667
5.0075
92.329
87.156
160.21
106.78
129.31
84.044
38.15
60.694
179.58
71.481
170.97
107.64
56.875
86.313
80.63
-8.3273
86.468
168.34
55.179
18.76
88.402
78.681
51.69
88.915
150.68
53.175
178.95
33.029
160.81
80.949
186.41
177.36
49.181
77.276
174.99
56.544
68.139
88.825
87.993
173.86
170.88
141.09
78.087
70.007
156.84
-5.6287
75.052
83.687
96.572
72.712
177.42
171.95
63.489
84.944
159.44
88.272
71.487
86.257
84.096
23.607
150.94
161.18
38.408
76.715
78.904
104.31
110.06
87.315
140.27
114.77
58.947
161.34
171.39
162.73
174.94
95.147
180.19
67.961
-0.94206
171.23
85.104
87.604
93.753
160.89
99.411
80.887
88.502
132.76
63.212
50.413
61.022
33.05
167.09
54.567
140.24
85.132
69.308
-1.103
150.34
137.03
88.946
154.91
91.913
168.44
36.384
76.27
175.57
176.7
145.16
135.35
75.301
169.07
111.25
79.751
178.34
104.36
66.765
165.36
78.303
65.281
60.717
139.09
2.1836
37.425
47.886
88.237
99.977
72.885
149.73
42.274
76.46
80.016
89.471
107.82
113.64
166.55
56.045
80.67
144.2
82.554
90.173
68.848
78.632
86.618
61.36
106.06
176.79
92.815
112.34
96.459
162.99
146.97
72.024
85.357
80.853
77.019
69.303
70.34
171.75
71.088
84.149
68.514
37.943
88.581
159.06
51.131
82.468
91.763
181.36
130
86.417
35.001
120.23
83.853
65.865
60.543
160.67
171.41
41.104
65.734
56.189
179.88
83.059
170.2
78.546
87.614
168.77
35.196
146.38
155.25
74.38
168.36
32.582
-3.7137
84.328
170.05
93.066
128.34
93.758
64.279
180.57
83.666
53.038
167.15
71.074
50.275
65.581
47.353
81.936
122.27
71.914
57.952
83.537
36.02
31.318
155.43
136.13
174.37
26.559
36.667
46.516
66.292
127.73
161.46
70.927
72.332
77.536
168.99
61.461
166.39
67.303
93.787
85.379
75.471
27.209
37.257
142.69
171.54
175.68
93.736
108.2
73.151
161.11
53.032
61.975
173.13
67.636
58.968
146.23
134.94
91.893
77.903
34.012
176.41
125.99
49.615
75.857
67.08
43.34
90.514
59.737
85.058
177.17
174.24
76.971
71.232
43.743
65.802
74.967
78.633
89.061
180.31
99.321
78.61
78.973
169.11
130.96
80.932
181.06
63.579
26.464
97.158
163.17
79.94
111.73
78.668
48.204
149.12
68.872
78.966
146.68
70.955
166.91
167
162.01
61.355
2.0463
43.302
80.428
88.192
128.59
166.72
166.68
65.282
80.754
63.546
72.023
21.365
175.54
79.374
32.639
-8.606
175.41
168.52
62.661
62.172
147.07
29.058
169.13
134.95
70.7
163.56
45.256
43.775
91.104
176.61
60.283
61.443
151.47
81.318
173.13
56.131
164.22
71.048
62.268
75.067
64.371
77.064
62.062
166.28
78.408
82.735
52.381
170.04
78.965
70.504
66.471
95.22
176.91
79.54
92.968
83.155
167.28
55.549
75.195
62.962
72.834
123.81
90.319
94.134
92.767
-6.429
68.339
80.575
85.702
80.659
57.729
70.448
92.37
75.883
107.56
111.8
53.013
79.965
172.93
2.0152
88.311
169.12
87.44
126.84
176.94
83.219
173.74
154.73
85.329
59.213
109.22
-4.8264
119.58
57.974
31.623
112.92
67.832
136.72
169.76
161.59
117.61
28.634
95.084
142.56
67.108
94.923
76.842
50.343
36.683
76.227
32.328
67.006
92.768
174.08
74.686
83.746
58.611
168.91
132.97
67.764
64.737
164.65
145.78
141.55
177.76
97.046
63.018
83.406
163.25
73.293
47.529
165.33
82.51
71.98
79.598
86.446
83.308
39.668
79.856
49.169
80.216
80.071
162.97
94.857
75.069
19.188
41.795
82.34
59.14
53.099
107.35
52.521
170.26
80.019
73.543
90.008
72.228
139.1
32.704
65.407
58.103
83.948
60.16
73.148
56.55
4.4631
76.357
90.63
91.577
76.269
51.517
96.358
80.633
181.44
16.538
166.93
60.381
70.112
78.721
138.25
57.787
166.55
167.14
105.94
76.926
180.04
120.11
134.32
71.27
80.738
155.41
52.819
166.32
45.328
69.326
85.669
75.763
41.343
23.737
91.489
79.881
68.46
64.668
86.823
76.392
89.901
69.73
-2.1208
133.58
64.841
83.788
84.302
118.71
83.255
61.836
63.226
176.96
175.92
86.399
88.999
65.51
73.724
160.12
113.72
98.621
64.928
93.782
59.962
179.07
177.15
-4.9203
89.974
66.067
72.248
67.935
82.478
73.308
161.72
163.62
46.234
171.54
117.39
60.317
85.402
25.552
121.75
100.85
82.098
180.5
81.627
77.073
43.167
108.64
-7.8471
166.77
166.16
79.418
165.2
77.356
165.76
63.983
29.235
81.764
162.53
56.688
18.795
84.681
64.975
88.503
120.79
74.401
60.635
99.738
66.083
46.373
154.98
93.205
57.737
80.022
143.94
116.51
178.67
138.99
64.938
97.983
82.362
82.264
42.282
81.145
83.007
143.79
178.18
53.591
172.82
48.244
166.78
59.168
99.241
79.893
91.401
69.375
61.211
87.709
78.97
81.976
181.47
173.68
80.063
78.69
-0.36732
117.76
68.091
75.445
83.124
40.729
172.12
47.192
164.13
132.18
37.344
67.115
-2.3205
178.09
74.498
35.896
155.42
108.13
173.4
75.269
165.82
173.09
56.856
106.89
62.56
64.822
89.482
79.383
170.29
71.462
76.388
156.21
170.55
64.91
48.262
160.01
48.538
91.328
8.7554
172.39
137.16
171.77
47.86
170.97
74.081
84.048
68.785
88.873
146.66
85.96
66.331
80.396
73.483
36.012
25.907
176.28
89.162
41.999
176.64
138.17
83.139
66.231
50.325
69.338
85.102
76.494
-5.6162
88.06
92.007
91.776
89.544
169.94
52.983
39.386
168.15
84.831
70.683
176.97
70.644
84.843
94.415
60.557
160.35
98.967
61.742
89.558
-3.0858
157.17
74.409
151.05
169.21
88.282
41.848
54.414
94.496
86.039
167.99
85.671
122.07
24.881
107.09
103.34
144.69
174.25
93.867
169.04
177.54
83.085
68.763
72.882
82.083
42.995
55.035
37.68
85.756
166.38
39.577
172.76
83.157
76.688
65.906
68.721
118.49
41.195
77.663
162.51
53.735
69.939
168.22
85.796
174.24
169.93
179.68
153.9
160
85.168
68.115
58.475
65.704
79.191
91.347
180.14
167.78
171.09
179.65
39.079
78.707
78.698
76.219
-7.5393
61.788
118.83
165.76
88.821
51.502
48.195
140.35
88.992
55.64
59.422
83.803
62.916
91.11
77.043
93.154
159.23
80.742
-3.5488
82.347
68.77
77.168
87.73
107.86
80.418
81.007
41.346
83.646
164.7
41.85
55.259
84.776
169.57
161.28
86.726
83.578
137.78
86.661
75.024
88.691
55.575
168.62
140.24
97.534
74.988
179.79
54.828
92.164
88.372
134.71
171.28
89.255
68.196
55.999
57.847
163.87
66.055
121.05
65.861
171.63
58.043
75.926
119.54
132.28
174.06
68.471
97.664
32.348
68.093
77.768
180.44
58.067
83.624
65.75
153.28
121.18
55.393
70.156
74.375
91.851
133.05
160.17
159.48
67.013
77.697
50.358
30.371
85.369
164.52
74.953
103.54
89.349
83.402
155.2
179.15
59.615
89.926
0.10581
74.778
70.314
40.707
125.29
56.867
20.485
161.83
177.73
142.77
63.279
89.081
86.813
36.123
62.378
150.91
126.26
86.194
103.54
169.21
72.725
159.91
44.223
64.789
82.838
77.037
107.53
22.048
138.67
85.661
178.5
94.657
85.541
178.61
87.489
166.75
67.518
-2.3548
125.54
165.82
73.331
71.724
59.764
81.231
104.61
171.76
91.235
69.774
70.054
94.539
75.565
74.981
89.967
56.444
93.534
105.5
54.327
128.42
69.138
58.111
150.53
84.053
64.044
168.67
81.459
75.02
52.368
52.341
177.16
81.812
64.296
117.75
78.326
63.673
51.951
82.818
50.536
64.898
88.965
87.235
164.8
70.625
79.837
181.04
79.118
79.03
46.182
78.213
79.607
81.174
62.999
175.84
35.649
97.746
38.507
68.458
54.077
85.119
87.185
107.22
103.05
38.65
177.09
33.525
179.07
89.264
76.019
82.631
56.511
143.06
164.4
83.379
15.284
145.96
61.217
169.88
78.4
166.71
76.781
150.96
71.269
49.694
69.55
171.19
67.084
70.434
70.486
71.542
71.82
82.222
131.03
88.675
169.83
174.23
47.325
80.691
6.6277
83.812
78.608
115.96
77.31
85.951
27.518
172.57
85.385
168.66
51.19
42.012
93.754
90.865
167.24
174.93
-0.76224
121.02
71.801
68.865
72.996
61.131
177.5
169.95
175.39
71.082
72.54
112.35
74.821
49.488
164.79
67.258
84.694
155.5
71.15
76.969
173.05
67.275
77.975
141.94
85.314
166.5
69.074
119.04
85.203
170.22
81.911
66.885
116.47
86.642
39.596
66.743
160.8
72.261
66.258
95.802
58.699
82.447
170.84
78.279
54.081
66.567
58.554
171.44
82.717
78.699
78.103
32.681
67.368
73.211
173.73
66.892
89.993
58.558
169.54
41.978
61.437
168.63
73.753
172.31
78.764
78.123
110.92
77.418
66.246
69.228
73.222
91.782
124.26
163.31
76.441
41.066
143.29
64.675
70.748
128.53
56.558
-6.1977
64.866
38.153
68.437
173.73
171.43
175.1
77.139
52.761
156.42
77.042
131.42
84.251
22.828
93.31
162.66
81.444
170.82
99.292
121.37
140.58
81.241
57.788
158.1
171.46
82.513
90.021
82.722
61.268
104.29
171.01
78.823
61.747
77.446
72.408
62.447
173.61
185.22
-1.4868
55.46
57.64
47.231
50.827
51.678
21.133
69.712
90.174
47.996
69.137
40.174
173.75
129.18
92.383
61.91
81.029
78.727
124.19
167.47
57
82.736
128.21
90.772
65.799
158.79
133.8
80.173
80.746
45.028
118.45
168.01
177.84
84.992
48.132
76.843
179.38
22.699
68.571
88.339
72.071
67.144
41.91
95.979
106.71
79.409
180.78
170.13
173.24
117.99
18.267
70.306
60.075
167.91
59.367
67.599
93.886
99.202
34.297
175.25
65.833
182.95
167.74
71.474
-11.492
74.443
27.828
106.72
60.278
75.03
28.099
143.81
74.599
121.25
70.334
80.94
174.88
25.647
86.501
68.556
89.008
162.27
74.434
174.86
104.45
63.757
165.93
87.979
87.936
107.8
174.35
91.355
83.688
76.971
76.686
48.329
83.962
74.725
45.297
170.59
76.577
70.326
74.921
143.68
84.561
67.838
170.09
84.073
75.765
127.78
62.248
126.9
36.808
67.164
176.06
85.437
55.609
91.97
174.68
86.915
170.04
105.62
61.999
134.91
179.84
165
65.674
65.252
84.613
68.249
35.678
90.248
83.919
173.22
136.76
171.04
64.523
70.998
85.202
91.707
81.928
174.67
56.847
69.198
63.158
80.97
86.869
148.21
174.15
66.284
-4.0538
122.34
171.39
93.01
173.13
87.04
86.935
34.718
82.433
127.97
83.47
146.59
62.352
68.777
0.39241
168.78
159.67
118.85
82.139
71.436
80.536
79.483
136.67
158.53
74.744
82.453
45.594
50.783
93.302
72.778
72.611
53.253
71.809
69.103
85.163
26.421
2.0058
52.12
62.825
92.483
75.785
144.53
78.153
174.62
142.63
170.04
80.895
68.397
167.01
77.06
8.83
82.8
69.754
86.698
78.599
183.32
87.577
64.315
167.69
180.9
52.355
137.77
68.609
155.98
146.53
75.533
126.34
175.93
58.252
103.56
34.318
65.962
122.19
172.34
47.625
68.737
81.72
167.49
18.733
66.025
167.35
121.09
51.577
180.33
160.88
176.48
54.625
42.346
97.819
172.64
165.31
83.432
170.42
72.396
154.25
81.983
45.313
77.839
166.25
33.45
93.163
91.255
71.542
73.151
87.755
94.17
174.28
174.56
36.545
24.012
49.241
123.86
85.357
79.962
58.783
164.98
41.809
169.07
91.047
170.51
174.89
87.179
69.118
82.749
95.794
168.12
86.971
26.687
83.117
54.321
70.777
58.138
169.94
134.39
57.983
166.89
178.88
80.454
162.33
157.54
72.996
78.247
62.124
1.953
176.03
126.25
173.94
51.93
59.067
98.535
73.398
179.69
71.628
72.19
82.901
74.377
68.862
48.917
83.555
177.31
174.61
117.23
80.282
59.581
83.593
70.3
52.27
56.913
101.83
172.31
79.66
82.316
167.74
177.67
103.58
77.517
172.4
82.949
181.01
157.59
173.23
170.75
35.644
76.974
51.645
59.833
62.28
90.34
151.3
45.831
67.552
162.32
54.958
87.629
52.945
71.795
169.87
68.152
117.58
29.951
164.1
167.07
34.19
70.319
40.735
86.151
56.787
81.36
84.42
78.862
85.692
143.49
52.906
47.31
76.444
41.643
54.547
108.84
82.182
158.62
63.172
82.219
79.07
144.84
-5.9257
33.079
48.829
45.823
167.42
74.156
76.134
42.687
59.554
86.697
142.61
0.39445
80.06
171.23
58.738
74.094
52.227
143.28
138.03
170.62
-0.37556
165.6
182.83
164.15
15.202
82.846
85.432
81.452
77.63
46.053
135.22
88.894
56.267
44.687
171.31
76.107
180.37
97.667
181.74
126.59
77.981
183.62
158.86
68.559
89.852
68.359
66.144
59.046
89.165
83.202
46.567
166.05
180.25
161.71
55.356
91.495
71.599
34.169
56.831
177.69
102.07
61.26
164.24
78.568
68.352
93.693
166.37
66.77
169.68
70.121
77.91
73.602
183.53
71.572
34.601
64.454
83.136
85.076
147.34
177.52
84.087
71.132
76.036
89.721
47.921
165.38
86.675
161.89
82.359
74.813
60.206
174.46
172.43
52.111
171.24
71.064
27.634
102.98
90.647
90.559
66.493
150.91
87.109
71.716
100.98
60.458
177.88
75.119
81.811
91.005
73.501
70.552
57.269
171.19
82.751
139.38
